A = [10, 25; 
     9, 20; 
     11, 24;
     12, 24.5;
     8, 19]
 
save temp.dat A -ascii